coords, angles
0:
[240.712679,9.248801,212.482240,-172.830392,5.296393,75.100849]
[-17.905010,-99.318434,146.200984,-129.966601,-95.624254,-2.333749]
1:
[335.795279,-21.471282,225.889988,-175.640753,5.436961,74.837881]
[-17.905038,-80.568900,124.649815,-129.966574,-95.624337,-2.333694]
2:
[378.083953,-35.134275,226.980209,-177.597721,5.527260,74.651056]
[-17.905031,-72.617293,114.748246,-129.966725,-95.624350,-2.333722]
3:
[425.343435,-50.403095,195.770261,-176.239918,5.465218,74.781119]
[-17.905031,-59.716170,103.200002,-129.966635,-95.624323,-2.333797]
4:
[412.554531,-119.542458,195.539676,-176.710241,-1.576748,71.953654]
[-28.104894,-59.718463,103.200063,-129.966574,-89.024449,-10.133764]
5:
[359.200694,-103.622610,238.091197,-179.039080,1.580000,70.701836]
[-29.455047,-75.470297,116.104449,-129.966567,-91.724528,-10.133585]
6:
[323.969766,-76.018262,240.532579,-178.202566,1.483139,69.975320]
[-28.254913,-83.870587,125.404553,-129.966615,-91.724501,-8.183375]
7:
[323.987944,-76.029838,240.543581,-178.454504,1.742036,61.125765]
[-28.255181,-83.868143,125.399726,-129.966649,-91.724597,0.666108]
8:
[292.524264,-59.120198,234.492561,-176.952303,1.757542,61.171618]
[-28.255215,-90.172174,133.205309,-129.966622,-91.724480,0.666087]
9:
[293.878582,-59.848014,202.971447,-170.482091,0.257614,70.691542]
[-28.255140,-83.867758,133.199713,-129.966594,-91.724618,-8.783988]
10:
[348.796888,-89.362845,220.694458,-175.671029,1.072112,70.630979]
[-28.255167,-75.467674,119.547511,-129.966628,-91.724487,-8.783693]
11:
[392.877077,-113.052851,212.610265,-177.141573,1.301605,70.600573]
[-28.255133,-65.563208,108.154909,-129.966525,-91.724501,-8.783714]
12:
[444.974773,-142.783362,209.703691,178.910287,3.564923,69.847746]
[-28.255133,-54.917146,93.299916,-129.966594,-93.374775,-8.183417]
13:
[356.301430,124.595652,239.140334,-178.962464,-5.269219,68.445625]
[5.044907,-75.017417,116.249812,-132.666440,-84.824355,26.616362]
14:
[302.497164,14.873241,226.601324,-171.473388,-7.233345,63.601711]
[-15.655009,-88.518329,132.149935,-126.516713,-81.374523,9.666098]
15:
[369.354653,73.148309,238.939037,178.605093,-1.032620,85.253348]
[-2.455028,-75.018460,116.249908,-132.666687,-89.024291,2.316327]
16:
[375.511970,-15.940784,238.969151,178.373988,2.035370,69.121279]
[-15.656410,-75.018447,116.249908,-132.666543,-92.174181,5.166192]
17:
[375.512559,-15.931280,238.969529,177.960103,1.620950,56.211062]
[-15.654899,-75.018440,116.249867,-132.666660,-92.174545,18.077938]
18:
[372.494568,-4.742098,229.503567,-174.798854,-8.342979,70.693422]
[-15.654947,-75.018474,116.249915,-126.516700,-81.374159,2.916253]
19:
[302.475687,14.879355,226.596277,-172.377703,-8.182523,70.344853]
[-15.655023,-88.522037,132.154817,-126.516590,-81.374303,2.916857]
